SGD Classifier Report:
              precision    recall  f1-score   support

           0       0.95      0.95      0.95       983
           1       0.95      0.98      0.96      1152
           2       0.96      0.72      0.82       967
           3       0.86      0.79      0.82      1034
           4       0.87      0.93      0.90       906
           5       0.66      0.92      0.77       937
           6       0.94      0.90      0.92       961
           7       0.94      0.89      0.92      1055
           8       0.75      0.80      0.77       969
           9       0.91      0.81      0.85      1036

    accuracy                           0.87     10000
   macro avg       0.88      0.87      0.87     10000
weighted avg       0.88      0.87      0.87     10000


Random Forest Classifier Report:
              precision    recall  f1-score   support

           0       0.98      0.98      0.98       983
           1       0.99      0.99      0.99      1152
           2       0.94      0.97      0.96       967
           3       0.96      0.95      0.95      1034
           4       0.96      0.97      0.97       906
           5       0.98      0.96      0.97       937
           6       0.98      0.99      0.98       961
           7       0.97      0.97      0.97      1055
           8       0.96      0.95      0.96       969
           9       0.96      0.94      0.95      1036

    accuracy                           0.97     10000
   macro avg       0.97      0.97      0.97     10000
weighted avg       0.97      0.97      0.97     10000
